1st_point_of_impact: [0.06532253210452288, 0.09151318663631558, 0.058609827320595054, 0.07010645880756938, 0.046469384470350185]

car_passenger: [0.04681804449195459, 0.06590096557160152, 0.043324043577400606, 0.08073642428848915, 0.02837598175829744]

sex_of_driver: [-0.029573859437096783, -0.07632325141776941, -0.03216761184625083, -0.05770321361058606, -0.06973850031505986]

road_surface_conditions: [0.02128497557084741, 0.026860617255445196, 0.028507657969675915, 0.04328484568613866, -0.01454629415839298]

