1st_point_of_impact: [0.06532253210452288, 0.09151318663631558, 0.058609827320595054, 0.07010645880756938, 0.046469384470350185] [0.06677339681788315, 0.11607358726949035, 0.08926962217289047, 0.1004132140580698, 0.0740048794426006]

car_passenger: [0.04681804449195459, 0.06590096557160152, 0.043324043577400606, 0.08073642428848915, 0.02837598175829744] [0.04689641890679283, 0.06800007670623431, 0.04326231614474463, 0.0832646173317736, -0.002627188524747349]

sex_of_driver: [-0.029573859437096783, -0.07632325141776941, -0.03216761184625083, -0.05770321361058606, -0.06973850031505986] [-0.03569283397867747, -0.06855397059146762, -0.027188605842143443, -0.053849704376112806, -0.05441018089104776]

road_surface_conditions: [0.02128497557084741, 0.026860617255445196, 0.028507657969675915, 0.04328484568613866, -0.01454629415839298] [0.02919969335112888, 0.027846887472140147, 0.029311149121442948, 0.03840771264189091, -0.006103249883377391]

