1st_point_of_impact: [0.06530302283382161, 0.09144420684739374, -0.0029431376606653403, 0.07019843185946517, 0.04653836425927203]

car_passenger: [0.046822123282272754, 0.06592911634715537, -0.04920755566815871, 0.08090532894181235, 0.02837598175829744]

sex_of_driver: [-0.029570835370407278, -0.07629174543163197, -0.026984877126654094, -0.057529930686830544, -0.0697857592942659]

road_surface_conditions: [0.021303838721674295, 0.026783652736088626, -0.07450165473716619, 0.0432078811667822, -0.014530901254521665]

